1.657862059447498426e+00
1.057033053833374758e+00
-4.542397411602628887e-01
2.024468603007168799e+00
4.072788254958941701e-01
-1.940856432247999031e-01
9.134747693267308497e-04
-5.739167284178621209e-01
-2.823139018271323408e-01
1.848136364709089596e+00
-1.200898806113934070e+00
1.106824384837589825e+00
1.854891549117732019e+00
-5.747428283765333434e-01
2.364329475042817208e+00
-1.515826445628487840e-01
1.100600780574902293e+00
-1.695548147774752268e+00
7.051700724724396796e-01
1.932227485056398519e+00
1.529079688663585457e-01
2.066984378094277819e+00
2.007073693688794958e+00
1.791904210116999963e+00
-1.351675322053549066e-01
7.561939351412343413e-01
5.944094493052690664e-01
3.768416609121729710e-01
-9.480277335262754512e-01
5.123270157983369488e-01
-1.033114921819644705e+00
1.511126251498886797e+00
8.150094946545993757e-01
6.551072816667585785e-01
2.077917918990419111e+00
3.265039887904468974e-01
1.247977921281671898e-01
1.574572170569865093e-01
4.385021315192457192e-01
-5.766304518637412405e-03
2.407251210097452743e-01
1.753109312388343444e+00
-4.152693313721905199e-01
-4.312651819556244659e-01
-7.253883472602780103e-01
1.125173598268525366e+00
-8.143869546057438402e-01
1.199491566249287988e+00
5.209439813160054999e-01
-1.576833108733435851e-01
-5.072676958005499781e-01
1.492422441034443326e-01
-2.803279055689801291e-01
-1.582329239613291527e+00
1.708824720658057572e-01
1.356221305371300589e+00
-4.532186455977027517e-01
-8.709208958169731840e-01
6.038814252861580689e-01
2.618267084676744946e-02
-8.673743257545213359e-01
7.682546243164308786e-01
2.944740922357060031e-02
-5.718180866524492645e-01
2.136104592932485335e+00
4.057147502848307274e-01
3.496948032903030690e+00
1.176431801371568886e+00
6.866423305045679104e-01
2.792096130554972966e-01
1.936268414518270031e+00
-1.700666954486616866e+00
2.031328252725089989e+00
1.705512427592427382e+00
1.746289888581146199e-01
2.515020126670684419e+00
1.165669832923557525e+00
2.081985104700834199e+00
8.180427735876955042e-01
1.329794097693217214e+00
9.616320890594249882e-01
7.553753392258557575e-01
2.072245267954251347e+00
5.392327194411989932e-01
5.281313395038267355e-02
1.697155526417866156e+00
-4.685815537285253907e-01
-7.187295568231069076e-01
1.579745597292390613e+00
9.574855226990827139e-01
1.700636944542066598e+00
9.561106707306419317e-01
5.629345234353013705e-01
1.016326795609535205e+00
1.768555524024560510e+00
2.393666666417827660e+00
1.403714821554280734e+00
1.058006569251566331e+00
8.266597797063789388e-01
2.806930313995028126e+00
2.466146535262123685e+00
1.797650887604755887e-01
1.343553527194729869e+00
1.838417513675784765e+00
9.424008114598704244e-01
1.770346179878486748e+00
1.139639285400410706e+00
1.778630722843414169e+00
2.943394423878576305e+00
2.475528551688277012e+00
1.427314848301223682e+00
5.788192865015530097e-01
1.801006242820443415e+00
-1.277343659294598588e-01
5.442730661034536066e-01
1.964900691294954704e+00
1.908269339254121677e+00
6.212284155384828477e-01
5.328471648693255958e-02
1.735750481456741490e+00
1.404682890265841477e+00
6.528020273920176475e-01
-2.892200641048514598e-01
1.564055285221908065e+00
8.219330740559246395e-01
1.662765981032660489e+00
6.397927179735525272e-01
-2.218853975652550492e-01
5.123972358529402804e-01
6.141626480773019203e-01
-1.030055326520671777e+00
1.072834676684951249e+00
7.334124232452061687e-01
2.018511377399085926e+00
-9.905614140055962746e-01
1.653999082778560004e+00
-5.811226577361232604e-01
2.742562907436703945e+00
2.551082901857751883e-01
1.164053843256677379e+00
1.848454181402195529e+00
1.185122274614148541e+00
-9.457878554070431321e-02
7.693182859509536398e-01
-2.458301450090248252e+00
-7.143771919089725309e-01
-2.644866829423972998e-01
2.773592783695818520e-01
2.522727392337416052e+00
-8.942738107747150167e-01
7.827638852134553016e-01
3.161611355405389290e-01
2.197113045978913881e+00
7.921122243378294625e-01
1.653854092787170771e+00
2.059422829118296328e+00
1.231589122539711534e+00
3.805126042476905113e-01
8.145684628937737148e-01
1.309810608761078576e+00
8.584338532512045816e-01
2.550797351953215220e+00
-2.382878111925679221e-01
-3.413883594459565796e-01
1.892118653326457789e+00
1.397332735290554684e+00
1.382863317142396520e+00
9.771889148541893499e-01
1.912737668500034349e+00
-4.738401926714259638e-01
1.197317444324595748e+00
3.559877090719516968e+00
1.921121882680715931e+00
2.669722693179946038e+00
2.270585798850567105e+00
-3.061736217584414277e-01
7.924717182433909102e-01
1.448434499979526224e+00
9.028759224007070205e-01
2.336235910290049844e+00
2.390429754544101115e+00
7.129081650838579032e-01
-4.049802040443797324e-01
1.031014859096394565e+00
1.241303218499951733e+00
2.723699734491648705e+00
-1.637312985352339378e+00
1.114630271360014913e+00
1.012068839419046018e+00
1.258855692582637520e+00
1.650376920970660688e+00
7.022711076411058961e-03
-9.673403715392532298e-01
1.485130145601198048e+00
-1.360644480586611804e+00
-6.350731444044064311e-01
-5.975885276842015648e-01
1.086777669179978201e+00
1.837259027292368896e-01
-1.871072431058634855e+00
-2.933680922401533109e-01
-8.735927651767571023e-01
9.153488009592319896e-01
1.880497056027871317e+00
2.863200127842234988e+00
5.118052283763303567e-01
-6.913129684148736631e-01
1.373063631811924701e+00
1.081364302734907579e+00
1.639255601049188327e+00
-8.537872881043853113e-01
8.801332163729347347e-01
-1.320568568367141114e-02
7.011500004602231328e-01
1.015829908507137197e-01
8.123007903065143642e-01
-3.267879397380948903e-01
4.692678521308981665e-01
-2.253598087295972441e+00
-1.483290685787264307e+00
-5.357378973381600185e-01
-7.216951068885686660e-02
-1.788532365753398024e-01
1.758816777948461751e-01
-5.206506017085615889e-01
1.859002306779501956e-01
2.048046492596838353e-01
-5.970221660750096859e-01
6.378992496240447618e-01
-1.532155490194798020e+00
3.114408132183050237e-01
3.945261362840611352e-01
1.129897351245953363e+00
2.386966653627130841e-01
5.423256208430404790e-01
9.728782975682062073e-01
7.749887507864753333e-01
-1.476026845100204321e+00
-3.276992265047604103e-01
-1.056478897300398012e+00
1.022519809369881294e+00
7.526741236216101250e-01
1.431845161460465699e+00
-1.584949189094310595e+00
8.874216016916799954e-02
5.528323320808251756e-02
1.574386048146223072e+00
-5.296933148604980879e-01
6.842042823320357847e-01
1.603845033061713110e+00
3.130336785028978164e-01
-5.568718856089031888e-02
3.310567814069393933e-01
-5.238364500088528164e-01
5.477223718095216576e-01
-4.779846106744662371e-01
3.717092591215025998e-01
-4.600900880293879447e-01
9.768180255419396385e-01
7.546730258618524756e-01
8.315481429109797817e-01
-4.310446129923843905e-01
-3.633379802035112127e-01
-9.456691903894495210e-01
-5.379550856725248131e-01
-5.860491195508112927e-01
8.768139647204225007e-01
2.227789479675188478e-01
5.541305565492411489e-01
1.216798950990963524e-01
-6.529332046162421577e-01
1.470014465719243102e+00
1.302090896320901248e+00
1.663328326753910763e-02
-1.102604134845190265e+00
5.490095191706625410e-01
-2.359670464091262743e-01
8.642384809419764169e-01
3.390985995714338452e-01
-6.647237548350599934e-02
-5.418295119639860991e-01
3.601130976772864284e-02
5.950266998190522072e-01
-5.392325390422638698e-01
6.001131606016822939e-01
4.343339889112186603e-01
-1.379579615994862563e+00
1.535499294789138602e+00
-1.566187579847390987e+00
-1.061014472566369049e+00
3.924200487407797366e-01
-3.699717003885071021e-02
-1.396215380202559420e+00
8.937991923796707594e-01
-1.439139909573344589e+00
-7.207956367318179014e-01
-8.264041857657193901e-01
-2.584458379468684286e-01
-2.003007728147411459e+00
1.091875884176278566e+00
3.096229038578149351e-01
-1.562264051235313089e-01
-1.337183819486727820e+00
2.199750330601471404e+00
-1.441100169002095699e+00
-1.419498776800419915e+00
-1.841981128981681759e-01
-1.584696106059799714e-01
-1.550755051617455638e-01
-2.458505535639287309e+00
4.765763688627459027e-01
-1.053978493290077090e+00
2.059314670806754233e+00
-3.753715521068988203e-01
-5.862651243910389498e-01
6.560610717756228116e-02
7.433176695087703734e-02
-1.004238486308465683e+00
2.216089537682877975e+00
-4.570189362530262950e-02
4.686673730263786752e-01
-4.987208100322906845e-01
1.010551064502137469e-01
7.367204147122667912e-01
7.147002902076503572e-01
2.040371287352170659e-01
1.240416345723127867e+00
1.221815015797389492e-01
2.377051435670337054e-01
-1.480095745759251624e+00
1.522433937889060562e+00
2.449827616072549619e-01
-2.263746514376343832e-01
-5.720252458003047824e-01
-1.535998193743135232e-01
-1.150465527930216947e+00
-7.761322355043478449e-01
-2.505522911803911068e+00
3.557066576598202912e-02
-8.250810438832097971e-01
9.237618307152045682e-01
8.566021576138850291e-01
1.371478988689844858e+00
-8.050578266082729639e-01
2.317754810253969122e-01
3.647619040684523667e-02
-4.389126547657823396e-01
1.712203879488159775e+00
-4.976234902914443148e-01
1.671007000791463817e-02
2.251166783642823965e+00
5.590675392701707214e-01
1.170194875187752670e+00
-1.680395633869700811e+00
-2.431546108985433441e-01
1.417518490237896334e+00
1.293868780394302531e+00
6.169525467203851310e-01
1.377140143824955310e-01
-1.344467028688687948e+00
-6.123914653922175599e-01
7.921202824356693428e-01
-6.703329977861032241e-01
-6.290601670158516567e-01
-9.260895952482843807e-01
2.725033391287354778e-01
2.063553176059337302e-01
9.512007309653477405e-01
-3.495248820714436100e-01
2.447656776118030120e-01
6.241340300410483932e-01
1.381059451841989694e-01
4.477282731850918407e-01
-1.163794737231572451e+00
1.216489402625142491e+00
8.677021320841855623e-01
-9.149808515156426791e-01
-1.596295088650534710e+00
-1.058959442507715787e+00
3.009003137017043916e-01
-1.639871970654137812e+00
7.960666582781165956e-02
-1.802139473877311382e-01
1.103252573686746674e+00
3.201597016597366618e+00
7.183755050959335087e-01
2.218168320355136558e+00
1.301912285903953803e+00
1.838287384229494670e+00
1.153295721204630420e+00
6.975698535042278436e-01
1.478598627873509264e+00
2.323999754408756502e+00
-1.802885289589124529e-01
1.306063097818247032e+00
1.485603445066860928e+00
1.956051746656336077e+00
1.903844228297108643e+00
1.615976039338133941e-01
-1.189418898941618785e-01
1.085874719292602153e-01
-4.665278253314657508e-01
-7.386705981567096568e-01
3.401959192780021901e-01
-5.446235608026663844e-01
1.565499236838271635e+00
-1.171177952052470772e+00
3.076825359715419594e+00
9.934484783889824255e-01
1.204393033228671195e+00
2.292688803758023974e-01
1.781768442636867622e+00
6.079573527007868794e-01
1.551716437829913975e+00
2.431604424210140003e+00
-1.725308300005236273e+00
1.364035974243046123e+00
2.882711424012081469e+00
1.874815818027426140e+00
1.977729285144193883e+00
1.564269363081791209e+00
-4.530103034522774408e-01
1.249358156975773460e+00
5.518074870411378008e-01
1.093030279171906649e+00
8.620290331247336679e-01
4.472976596245888947e-01
1.008280563464091228e-01
4.188958756563223584e-01
2.262179947259176593e+00
2.186675759877650727e+00
2.537516213987130342e+00
1.702319596146737446e+00
2.209434926858305115e+00
4.105765177242436614e+00
3.433072776234140644e-01
3.498143143624238949e+00
1.180966967722046457e+00
1.254163066354760048e+00
8.741158424899594381e-01
1.530106020848532644e+00
1.130380942349618056e+00
-1.319200644550345025e+00
-1.358674531731911994e+00
2.366569544770006361e-01
1.249440591425255098e+00
-1.995620316002544303e-01
-1.827510207022027267e-01
-6.025786812268137949e-01
-4.701105096885228596e-01
1.585219920614116651e+00
5.543417871800103702e-01
-4.015204936131275271e-01
3.584919640036483557e-01
7.256418350182883836e-01
9.402186046147090748e-01
-1.028509030896487486e+00
8.823051711918468432e-02
4.873029100099164346e-01
1.543271728954864752e+00
8.873106571702407130e-01
-6.600231155594616927e-01
-7.583130216536664303e-01
-8.880060514889815959e-01
1.121033545215754046e+00
-1.779845276327786385e-01
1.544668968695696032e+00
3.086403793539438389e-01
4.219594033575621017e-01
1.112460810795010024e+00
-1.777768179727183817e+00
1.040085931716501877e+00
-1.496156590381296225e-01
7.279820239626275669e-01
-1.709369260815627178e-01
-1.395352187370503705e+00
-1.349173377952016750e+00
4.858005170336642253e-01
-3.314253482128366457e-01
7.572745060163422748e-01
3.845588712537381659e-01
9.790277191596918893e-01
1.711817616722405955e+00
3.219573319970845393e-01
1.106258440575414781e+00
3.822117040849888625e-02
7.062004040771081570e-01
-2.729441419175429595e-01
-9.122849140130753209e-01
-1.657726234653045916e+00
8.228951373097764246e-04
-6.069614739261257608e-01
1.095546212074936188e+00
-2.111552866438493492e+00
7.642996971198759981e-01
1.079108421415545527e+00
1.344305407631529059e+00
-1.280367524669781654e+00
1.632312915358986150e+00
2.052950767207186999e-01
-1.532203435114586565e+00
-4.998082044191143845e-03
9.000502156902614459e-01
1.672582153707395047e+00
1.483411769689519266e+00
3.303028089768159092e-01
1.339420097941709908e+00
1.497591580622169793e+00
-7.795192569746811628e-01
-1.452131280120754875e+00
-1.714128023969515580e+00
-6.982045993497535408e-01
1.838747658872740720e+00
-7.569566827377151308e-02
9.984496427717127753e-01
-1.876591812746220000e+00
4.982226338267296550e-01
-1.059341464913537090e+00
5.468887627612181723e-02
1.085293134517383157e-01
-4.377172949700103982e-02
-5.531154712446215149e-02
-1.921822884241621399e+00
1.760237612867608714e+00
-6.992771578752217110e-01
-1.690223349048448898e-01
-2.635044352473840945e+00
-1.736860674565229523e+00
-1.313154690516890932e+00
2.717869053141847360e-02
-7.672988467855683670e-01
-2.468260779981558350e+00
4.092091625438192826e-01
-5.963634830568254053e-02
1.805303044561476500e-01
2.707475832632732018e-02
-3.228251158567618101e-02
3.114540613340920361e-01
9.067026767649374319e-01
-9.212456882164327121e-01
-7.673184422763161816e-01
-4.484915818739140247e-01
-1.484685402054758629e+00
1.782801552509650334e+00
-2.220149486908417624e-01
-1.254760873827259537e+00
-8.476431630402144757e-01
8.868398057569585324e-01
7.777369090616053082e-01
-2.169545533437359897e+00
7.687443785958117948e-01
2.981092573196084117e-01
-7.891660379127402036e-01
-1.437100377466449919e+00
-2.016473646852222412e+00
-4.626834175081511735e-01
-1.413025028150483031e+00
-4.636141432307772647e-01
6.543001995678765503e-01
-1.451257671131638727e+00
-8.115793400266823054e-01
-5.837076720706386723e-01
1.895730692960484465e-01
-1.513740565163408380e+00
1.188309680948299807e+00
-1.109502224605750875e+00
1.975396774420233426e+00
7.551503383065061303e-02
1.088934361997040856e+00
-1.051277712259909736e+00
-4.077070065988754877e-01
1.785006524768175951e-01
2.948345482459127087e-01
-5.671505201450917077e-01
1.876869993072047271e-01
5.677478901528050237e-01
2.129743690019566316e+00
1.780930506317974782e+00
1.160775299361771928e+00
2.339695013176987359e+00
-8.844992259890167574e-01
1.365490828765606457e+00
1.068484704037034883e-01
-5.701339334760109345e-01
2.765872803487373410e+00
1.354474184543762227e+00
9.609212062369085761e-01
-2.879874651261982166e-02
1.723934342895019345e+00
2.086082503018911183e+00
4.080710765697725950e-01
2.173817576548449537e+00
1.748124729988042247e+00
1.160161117746145498e+00
1.539972067697023217e+00
-2.248701271168462856e-01
2.267065480240325392e+00
1.618169835587847327e+00
1.184947873265896678e+00
1.084313535422249508e+00
3.537894517427223606e-01
1.231797864279600807e+00
2.973455223749513099e+00
1.222547560307404968e+00
3.837915182851868723e-01
2.421120505445561122e+00
1.604682004939841367e-01
2.312068788716331813e+00
6.296006448697779589e-01
-6.948211165895186170e-01
1.865024943426748294e+00
3.988577279125857800e-01
-8.118808943004456324e-01
1.034849004719138987e+00
-9.611662681552848309e-01
5.694359840284501928e-01
7.051749530094266749e-01
1.882687137625147722e+00
1.538302390068134295e+00
-1.297120422025508368e-01
1.275235002652765237e+00
-1.692297349932196937e-01
1.288886463952956030e+00
-2.700840617607482841e-01
-3.673357293979060412e-01
2.241833502367647668e+00
2.077645845508427236e+00
1.224511663497539704e+00
7.027312907007698950e-02
1.702227064122113109e+00
2.583537899502801771e+00
1.964445993491523268e+00
1.857379943474985140e+00
-2.036337119060174228e+00
1.076886869190053497e+00
3.399272590087068391e+00
-8.301914083306582981e-01
3.099469610960912114e-01
-6.324535378000399888e-01
1.167478473577768572e+00
-1.252973515937952698e+00
1.725739596015768429e-01
1.578229587051719562e+00
9.811004972576710115e-01
9.522754938057951257e-01
1.076925496126781345e+00
-3.876828725203191883e-01
-8.002480192177205964e-01
-4.805955468195066693e-02
5.864784821642321511e-01
1.232307459673244399e+00
8.423967450499022513e-01
1.339854246076559896e+00
7.263013103250837155e-03
7.990008290245042000e-01
2.237773967145541665e+00
1.297097019554731112e+00
2.894576661354124170e+00
-3.277107162298522613e-01
4.718297683656478281e-01
1.288494650801519370e+00
1.416866251148847455e+00
1.846463709395030239e+00
2.397740401213679817e+00
1.173583272128313482e+00
5.489193073567282255e-01
5.961343129175179500e-01
1.811479644508267484e+00
2.796067808381915931e+00
1.707289539535753464e+00
1.505977671080896974e-01
2.912735694095032635e+00
5.175845209871978714e-01
4.069757824353510411e-01
2.328793252485855447e+00
8.688491044859169010e-01
1.885743682516604069e-01
2.174059796100035413e+00
1.765819069695101717e+00
7.271553878905375745e-01
1.261017471900199860e+00
-4.015254962959320384e-01
7.198685374435800366e-01
1.677513038991725436e+00
1.636663895278207104e+00
1.173703492804148762e+00
-2.687719131080568147e-02
1.485918388506557886e+00
2.223741760655375987e+00
-1.102785774386943807e+00
1.076118049026609125e+00
2.327569091441772819e+00
8.081238107058201781e-01
8.620088924503113148e-01
1.564298332638295319e-01
9.956532525938924794e-01
2.272029857050761770e+00
-1.582877766297037248e-01
2.950892330405515906e+00
1.312842720030819477e+00
-1.176605354676334425e-01
1.072447670890209093e+00
1.560436767432109573e+00
5.397327659054660387e-01
6.318560586129109424e-01
-1.191731677909044773e+00
-9.868926532637091187e-01
-8.525272663348004709e-01
-5.865872018928817155e-01
7.513496211621878418e-01
9.648538144585472320e-01
-5.341496371393075204e-01
-9.607709045149798177e-01
6.532427985558411643e-02
-6.795141259327502903e-01
1.721880684142905460e-01
7.564878419002076804e-01
-4.167351927470596684e-01
-2.499406037697282368e-01
-6.202155023105928588e-01
-2.165785612348387179e+00
-3.796788819004848770e-01
8.713642551100567735e-01
1.371248570961072222e+00
-3.315406547129917669e-01
-2.242203957356653898e+00
6.379895494949746615e-01
-3.535603289462992405e-01
6.836927999618535035e-01
1.342945479711509460e+00
-9.357120733822185121e-01
3.847868828806832453e-01
1.378998197761615252e+00
1.848699587127601851e-01
4.433742815804964099e-01
-2.689328914900888545e+00
1.356550402913418329e+00
-3.715523641497135987e-01
-1.516888807231320767e-02
-1.362634454896429481e-01
-1.089050004611182426e-01
1.455843003084801079e+00
1.679697982594289929e+00
-1.263854693661772277e-01
1.938026159425094042e+00
8.517551452851896965e-01
-7.225488661640218080e-01
1.100870532970307014e+00
-1.042101376764595910e+00
-3.288457897419712617e-01
-4.518309996139048546e-02
5.369326372353183663e-01
-1.225887643661294657e+00
-1.942245736109571852e-01
-5.495196205261780875e-01
1.611098256311986957e-02
9.793249134515694676e-01
2.832494186497848343e+00
-6.303087388021476611e-01
-6.852580164819711550e-01
-2.768102152763746160e-02
-7.511854378892414141e-01
2.308273251332453591e-01
-7.073984917444893494e-02
-1.039837961530730936e+00
-3.244626441764476565e-01
-2.607357582275201535e-01
-5.529685973539730792e-01
1.015443480344674909e-01
1.783308242967455159e+00
-1.517028824260751918e+00
-1.192164366409674603e+00
-6.146389931617175506e-01
-9.885450278869463148e-01
1.869418091131483384e-01
9.891764011338841645e-01
2.250750258296520201e+00
5.001335038323675430e-01
-4.801744746809866182e-01
5.040676654745596119e-01
1.485286017731510366e+00
-3.821947675414176238e-01
-7.883058730340604114e-01
8.351782986551444798e-01
7.331718898036895249e-01
-6.086442414544541712e-01
-7.140375275995912707e-01
-7.766602150296652018e-01
-7.809870842670963986e-01
9.984877524597148002e-02
-9.289946858500246485e-01
4.797805889649762179e-01
9.882031283127987176e-02
1.719991166539138527e+00
7.301851411237938461e-01
-9.810712447623030075e-01
2.137615929576343721e+00
-1.950570821601378402e-01
-9.566079482579971094e-01
-2.263510008998602885e+00
-9.004601375684143649e-01
-1.579487314988454960e+00
9.317330808444491963e-02
2.895779341208189472e-01
5.530420002540699098e-01
7.758034532044116860e-01
-9.378274559547278288e-01
-1.249716565332560814e+00
-4.606535717793466267e-01
5.634175008437888321e-01
-1.570214268830640192e+00
-1.099242768321936792e+00
2.635155669449485982e-01
-4.568550369611785178e-01
8.088072054443695702e-01
-8.828772792856748319e-01
5.940156107498213434e-01
-1.599275839299376223e+00
-1.785780365388921265e+00
1.421016021095145687e+00
1.923946354647279477e+00
1.410687992510839539e+00
-7.168282706420205097e-02
-3.367242466794902800e+00
8.797421051165339456e-01
-4.981276329560467286e-01
3.678273069803232320e-01
4.863337742284803977e-01
-6.491136944833658662e-01
1.437873475266686185e+00
-1.863942132090239179e+00
-1.348778987531554119e+00
1.422433228122217619e+00
2.527101114974681373e-01
1.662824581181089334e+00
2.083435879349829989e+00
1.068674983998144423e+00
2.544453978144277873e+00
1.454637722138511169e+00
1.711356702393629359e-02
1.986282321008669971e-01
1.526279620031155693e+00
1.374218689982954933e+00
-4.863078243602148021e-02
1.509040460590546751e+00
9.596362648465840417e-01
2.369967893154496075e+00
1.510587597295474316e+00
3.728618051154651836e-01
1.885822716516947217e-01
2.556760691870898494e-01
1.403048008451512452e+00
7.448913008186355267e-01
4.297727805773843279e-01
1.566907185554793136e+00
7.862662239785487284e-01
-1.832496049995945064e+00
2.692190106447588605e+00
1.953273347195467080e+00
-2.789983284547121745e-01
1.604799625456942991e+00
1.804679865821861906e+00
2.307863229636212488e+00
-5.328672122710547132e-01
3.250590948001366165e-01
-1.741763816640315987e-01
1.980774247857003179e+00
1.456678106377542914e+00
2.241507815783926549e+00
-6.777134312795576321e-01
-5.571974716429388685e-01
-1.042150054288881744e-01
2.120538930392545929e-02
1.849177101640417487e+00
1.665279085332918019e+00
1.308902234794317110e+00
1.990804116712677541e+00
1.264833690647503284e+00
3.087513779742644182e+00
1.445069743511646632e+00
4.798645947489361685e-01
1.466209167196934615e+00
-1.426894861538241077e+00
8.877615320749069339e-01
-5.262519286210736169e-01
2.324180040969719307e+00
6.093013140274294859e-01
1.161105938275828642e+00
2.381848210499471818e+00
4.068338969226342750e-01
1.090387394084639139e+00
1.783480026424540732e+00
1.126456896656761408e+00
1.687513174439369212e+00
-9.582046292352819350e-02
2.568895888903958147e-01
4.558052063394672504e-01
9.650420307613597481e-01
3.708041233669568948e-01
3.682744574522541225e-01
5.665415539045326465e-01
2.314546048690186986e-01
-3.098740792654947063e-01
1.419085632405923780e+00
-1.060033844350485754e+00
9.911207251680220764e-01
-4.002012583404072621e-01
-4.790472589962817551e-01
-3.465496823407305804e-01
-7.978722999707813512e-01
-1.867500807769902071e-01
5.231182901844672051e-01
2.174285754897855860e-01
-2.316179376837723958e-01
1.664393228921579704e+00
4.069189601500388664e-01
6.140841029776784588e-01
-2.447244638469796008e-01
2.011116260993852656e+00
1.166410132715961279e+00
-2.089841330968485456e-01
4.348489113891128022e-01
7.191701829077111752e-01
4.597468186253484412e-01
-1.683550809634836387e+00
-9.423852670256557262e-01
-2.830817066419428762e-01
-3.296938008684385801e-01
-1.063224280632114160e+00
-7.221992341347673872e-01
5.465570962878554262e-01
-7.697331077356494022e-01
-1.662890851954253790e+00
-5.168476319555290743e-01
4.793531555034333813e-01
3.795330433346355559e-01
-1.354032052898910043e+00
4.196983630752090799e-01
-1.578140410057328635e+00
5.899623338534454309e-01
-6.749010924338394446e-01
-2.798010175199336716e-02
1.893512776367409556e+00
-6.923532249303184782e-01
-6.468414644576865324e-01
4.534108076752879635e-01
-2.385591957134863605e+00
1.035542022351866986e+00
-3.730420664379101026e-01
1.695048690318997853e+00
5.549127781167720874e-01
1.259297576062133661e+00
3.508399089677056992e-02
-2.424561943615828052e-01
1.793533982580462594e+00
2.347079101620409836e-02
-1.677303521127424979e+00
-4.750142987710967435e-01
1.226814137542044270e+00
5.463576503921654393e-01
4.383947161223713529e-01
1.744999379164368758e+00
1.227112004426015979e+00
-3.975898524133687495e-01
1.194578828573355178e+00
1.064611968990190727e+00
2.602577427134346699e+00
7.021498963824330808e-01
1.203712949443319857e+00
1.627153338775932934e+00
2.584478357452428821e-01
5.654773162227059169e-01
8.980144921546699965e-01
5.059500753777049775e-01
8.345595707184647605e-01
-5.748550693368488229e-01
3.240667001099045708e-01
2.706585091794606157e+00
6.845235465581145373e-01
3.036225939169757915e+00
5.236500879147876208e-01
3.515525989165928511e+00
-5.476617899788718269e-01
1.265446623884947996e+00
1.787477692196189460e+00
2.250162740738685052e+00
2.118090186923454965e+00
-1.177355120274228284e-01
-4.661255672234880798e-01
1.415431133947125719e+00
-1.656033242205057210e-01
-7.554841469924309383e-01
9.871887974983718506e-01
3.965660501105122693e-01
1.766613380548426315e-01
1.059922867286568149e+00
-8.348705884920974984e-01
3.328144142979376774e-01
9.989975922644102058e-01
-7.468910345147938834e-02
8.724851289992613390e-01
-1.845319742600037838e-01
2.698923178124311484e+00
1.139047857909728956e+00
1.342262762935834797e+00
8.098689671088138420e-01
2.041558821303794069e+00
-1.520886958678090206e+00
1.217911930372133300e+00
4.979456142832104915e-01
-7.089516830134505732e-01
9.042636568739038649e-01
3.013198246441992634e-01
1.265729215348431191e+00
2.276031507591483649e+00
2.110900020598531768e-01
1.114390863873228499e+00
3.844145231031311782e-01
1.584953073195635387e+00
1.992334480903576122e+00
1.673867972220797640e+00
1.281745705458088080e+00
1.036371703784630061e+00
8.165458370683124079e-01
-1.064004291637295374e+00
1.815266591738818214e+00
7.076274911470611384e-01
3.257955588595497498e-01
-1.908383708300997572e+00
-1.588396074010869796e+00
-1.518734679437524215e-01
-1.352529698981645156e-01
1.846813247255726598e+00
4.117312288451851487e-01
-5.063130696646627599e-02
-7.467211184511438060e-02
-1.120388025503932239e+00
-8.535805894408859951e-01
1.585210026839165121e+00
2.019920700145839909e+00
2.219388514057476947e+00
-1.662232095035699242e+00
1.965855264943393854e-01
2.932844663937663951e-02
-8.555305830341874973e-01
-1.230825417888729900e+00
-5.213712417149982681e-01
-1.690224798879771173e+00
1.727547045714452612e+00
5.040958816327794079e-01
-3.252054238649950690e-01
-7.086199110349797881e-01
-2.117598505224922434e+00
1.591872083273781824e+00
-3.835422741349333586e-01
1.770569228649671034e+00
-2.214045404362305458e+00
-5.507840264117399576e-01
-8.163411347209903468e-01
-3.446012299760517483e-01
2.615375414187721681e-01
-7.812182585794816836e-01
4.964368147513069651e-01
-1.121007627781985816e+00
1.180061116104078378e+00
-6.784575585465526526e-01
4.484838219922682723e-01
7.920049958524240097e-01
-7.237455350630217499e-01
8.435883693418528839e-01
-6.454214960538355861e-01
-1.503053543398756409e+00
-3.461991487088991182e-01
-3.071394296830376458e+00
6.616366582533430574e-01
-1.910319238719025536e+00
-1.591384415597393520e+00
-4.074193725163884894e-01
2.847985767802066470e-01
7.243960289679716169e-01
-7.933718846683539550e-01
1.522057275776280472e+00
-8.514128211844772531e-01
9.598335708829583979e-01
9.913386071618034423e-01
6.874944259400926905e-01
3.350024388307823453e-01
-5.946785996299054633e-02
1.468619945647739122e+00
1.757372293762814897e+00
1.963434962879274881e+00
1.903737904222548405e+00
7.582981208081112090e-01
2.861387058980230158e+00
-3.026181075468727943e-01
1.077744034220750713e+00
-1.252605499109755716e+00
7.831214484422449607e-01
1.134103457971109341e+00
1.789636697028016421e+00
1.050173329307179548e+00
1.263441274840981787e-02
1.231537450613460649e+00
1.719070588474350458e+00
1.830621028021340635e+00
-4.596357415020349002e-01
1.698030539372232139e+00
7.371567308237080285e-01
1.829707953295223621e+00
3.173047839677514137e+00
2.949049139887660598e-01
2.008886085424962609e+00
2.466300275635225914e-01
1.803947984590346998e+00
5.831551332473200455e-01
1.768224362021899143e+00
1.504449960911036221e-01
6.138327861812364894e-01
1.377481502669891444e+00
8.306869150389779577e-01
-6.090666591034334942e-01
-8.267431818799244603e-01
7.400458132688086943e-01
1.208261888037958309e+00
3.409619100243084233e-01
-5.571641994537983589e-01
4.024223275503675534e-01
1.731286585936004485e+00
-6.823088082487047679e-01
1.357308797051352212e+00
4.214755828805251126e-01
2.672783825441134020e-01
1.369138644401530547e+00
3.337363062166942562e-01
1.244342221590236885e+00
-8.683948764842124302e-01
2.225122760260988652e+00
2.024219093152465065e-01
1.566118770251888614e-01
9.798970354825753404e-01
4.808529261480306571e-01
3.445320725905696158e+00
1.593303850591604620e+00
9.510592318415489466e-01
5.938484033257838135e-01
1.550475752085808345e+00
5.538122097607944827e-01
2.001644812947420693e-01
-2.515967434992649743e-02
1.215164992176102965e+00
9.088353022814994464e-01
1.624123799549961333e+00
1.553085859237746114e-03
1.008208129925899588e+00
8.586570014727651357e-01
1.029997361224615382e+00
2.289399700418550676e+00
1.942115127633430749e+00
2.928632784233479391e+00
6.565340716661847154e-01
1.200896673995460073e+00
4.769799406850946388e-01
7.320601148716313622e-01
4.362636487190559853e-01
1.594335385256196780e+00
-1.000622600996649680e+00
6.517326294095884265e-01
-1.406635218697873668e-01
1.978149755497529139e+00
1.152678085913331429e+00
8.061803220596168718e-01
9.981715710895903149e-01
2.062306415354005829e+00
5.925297117794825486e-01
1.915376364107514329e+00
1.591803753338882910e+00
1.128912500092202009e+00
1.255122147395967280e-01
-8.012122649652591022e-01
5.766782937057244318e-01
1.097149798264328791e+00
5.831949471300339471e-01
9.756135413677102797e-02
8.841861600980142066e-01
9.542804434840324035e-02
9.247276288068929651e-01
-1.933682508410059508e-01
1.216842011928272127e+00
1.434388573667024547e+00
3.010808667236891667e-01
3.296528160832189469e-01
-1.616377324753197620e-01
2.007810042846984722e+00
4.957952441408436384e-01
7.627806459328267952e-01
1.765487847545375910e+00
1.026677977169356160e+00
1.469633895686400793e-01
1.817908607357114459e+00
-1.551285347060615827e-02
2.537311006122932699e+00
2.223985492817013299e-01
3.572109830975019662e+00
-6.220098521911452405e-01
1.285057715424304581e+00
-4.408220902383288564e-01
-1.141715905489824046e-01
1.145899341903569901e+00
1.681010540247926954e+00
-7.481732842829189600e-01
1.252890484541606231e+00
6.375791997565110059e-01
1.937670218730736638e+00
7.103900129927962492e-01
6.772865869114396142e-01
2.193477328018047956e+00
7.587367202308853420e-01
-7.580464516793122831e-01
4.854350221875291527e-01
3.101968587799009414e-01
8.020450264092622294e-01
-7.880682492307031772e-01
1.232497096103853496e+00
1.989213448276158092e-01
1.380270125632702127e+00
-1.497815806082491763e+00
-5.763579320626771585e-02
-8.725226940702580647e-01
-4.966944353791628020e-01
2.225312786850541236e-01
3.267127908616765941e-01
1.469532723042899391e+00
-1.454450599648923870e+00
-1.888437943307995637e+00
-7.679129677241856022e-01
1.835220192321775912e+00
-1.129801619393575596e+00
-8.173754028123689230e-02
3.271547520133288867e-01
1.008326468754487726e+00
8.313689774310178970e-02
-3.086998710109629673e-01
-4.976252432939426984e-01
1.239896307639950734e+00
-1.020194780982509153e+00
-2.806181986952767105e-01
-3.030607828190340913e-01
-1.886059580838900795e-01
-1.766282960470016761e+00
1.914931700613228260e+00
1.784953546245759526e+00
4.430030189624044601e-01
-9.124308940827885461e-01
-8.326792401372035135e-01
5.594859402318509423e-01
3.036852603753199542e-01
1.819817704301488759e-01
-8.209794067502651504e-01
-3.634082026902746843e-01
-8.589963891545477903e-01
3.569711421871639145e-01
9.491401830681174268e-01
-4.281219608058196568e-01
-1.024462491429257716e+00
6.244179247125268839e-01
8.615391260292523112e-01
-1.226694006206795473e+00
-1.004233554429728725e-01
-7.049357745975389777e-01
-1.836187042809267922e+00
-1.076972986608339067e+00
-8.283522098171173242e-01
-5.496135539987165863e-01
5.261876831350880135e-01
9.190305810766626893e-01
8.207789416645063785e-01
1.105663044136363071e+00
1.009472811507014789e-01
-5.253655191175257144e-01
3.415664334311078187e-01
4.928515997520370173e-01
-6.425357982922597078e-01
-1.932121976252205275e+00
-9.059234716058970349e-01
-2.864905645857063893e-02
-2.419348782646204843e-01
1.469653908650867024e-03
-6.159055675328874990e-01
7.450607823508262895e-01
-4.819727701885322957e-01
4.365333742739120892e-01
1.456404905656466520e-01
-1.022694854114277296e+00
2.670965059897513205e-01
-2.239643755001131942e-01
-7.005330053844200933e-01
-4.109099060964228611e-01
-4.299373474474050827e-01
-1.455763489847811565e+00
1.903340563963423548e+00
1.516962606891029575e+00
1.532197235457316009e-01
-1.307755321399161064e-01
-9.777861171510439375e-02
2.532304101571681287e-01
1.694090338394101725e+00
-5.192538151114723943e-01
-2.321685766272302831e-01
-1.676342897464623560e-01
7.392582717622273036e-02
2.228338063997018503e-01
3.388392405149449060e-01
-6.857874496088562921e-01
-6.009509683678363606e-02
2.364295660932561882e-01
1.195042987296115466e+00
-5.482652950406858849e-01
-4.095260398830912751e-01
5.655855828947025099e-01
-1.159699703828550588e+00
1.266528553350262598e+00
1.527883785332059263e+00
1.255794318801259024e+00
-2.304316131993852323e+00
2.440994595541741585e+00
-2.618136114925658231e-01
-3.236503305887701576e-02
-6.879911214986660362e-01
8.815591879184689894e-01
-6.385481497695791320e-02
1.737171030630687341e+00
7.015742050848037259e-01
-9.069109330715928730e-01
-4.719026431397350674e-01
1.109033487423568831e-01
2.120150421499193694e-01
4.388595713502711493e-01
-6.372285675615405598e-01
-5.887039706300655206e-01
-4.853292155198620783e-01
-8.276908339476750642e-01
2.773687570847859774e-01
-8.931652999830796968e-01
-2.677968075791694602e-01
1.362100946920017819e+00
7.951536539746386634e-01
2.541812187883587537e+00
7.989699535528623775e-01
-7.670062072554095778e-02
-6.447759872083127508e-01
1.962816709495615930e+00
1.032215139535020976e+00
-1.571655039815570643e+00
1.865751102778925086e+00
9.164827301952915839e-01
1.078903774750420208e+00
9.101726394100394524e-01
-1.423416632129088644e-01
-1.989784302020010109e-01
9.647543406268821453e-02
1.093123217046431117e+00
3.858537003182033187e-01
7.305473376978455224e-01
1.217954652165054830e+00
1.298198933387924026e+00
2.183336700968105504e+00
2.420194908046731097e-01
1.544490173710833192e+00
3.439784419872477628e+00
8.324356646018367112e-01
2.023877611296059253e+00
2.588049622269450012e+00
-9.648684446235915591e-01
-2.041594986421424451e-02
1.986956803319176679e+00
1.572905143532621342e+00
1.277976593212482248e+00
2.322877470409555833e+00
3.682965933059666463e-01
1.123062405101775685e+00
1.753103077457192072e+00
9.325318827001156663e-01
3.571738883748054594e+00
1.036979300845813912e+00
2.018663590743771330e+00
5.009649629353039035e-01
2.539999643401372964e+00
1.661820788886496647e+00
9.228474823427244011e-01
9.401534706718186474e-01
1.101235729138265729e+00
-1.432550509512243941e+00
1.615137785958251637e+00
-6.515817125259726339e-02
1.119249588299254583e+00
-3.501808696010029198e-01
5.163238989692947589e-01
1.291378422963858963e+00
1.391702568699977327e+00
4.589367373718991061e-01
1.419233563881294513e+00
1.098118255522020137e+00
6.640851999073589251e-01
2.055958852593790187e+00
-8.454039447564156706e-01
1.093732485092913764e+00
-9.432051656627111758e-01
-1.033092151705565342e+00
1.612542115769398654e+00
-9.721157585298485782e-02
-1.189001806747648216e+00
7.805780366737463671e-01
2.504020665955002944e-01
-1.452158640748061558e+00
1.248377220577530533e+00
4.506325524243446901e-01
-2.058394725408430492e+00
-3.252366068430923574e-01
-3.503938225667701634e+00
-1.135650773710462413e+00
-8.067299724570907438e-02
2.783135596892313823e-01
9.254826138117520085e-01
1.277032175490353749e+00
1.235013024504541423e+00
1.764883975095194124e+00
9.017125582363675340e-01
-1.162279700800633808e+00
-6.043242717218669791e-01
-3.756455877412308575e-01
4.964492280160906490e-01
-3.815625218673970864e-01
4.467265637907533171e-01
8.590837212696547098e-01
9.312073386469464642e-02
-1.675350134426507820e+00
1.308096819259554122e+00
1.299390732118800518e+00
-6.509292941537436761e-02
-5.006742258960620306e-01
-6.950786383635413346e-01
-1.613047628612603424e+00
-1.098996324595714835e+00
2.222848305081123410e+00
1.569955360944992551e+00
3.710110239968733570e-01
-1.981186323439860564e+00
-1.152846537115510550e+00
6.143856566918418638e-01
1.274719257406051708e-02
-7.965419241259891203e-01
9.366799915179478964e-01
7.446226988748928521e-01
-4.772340258652861822e-01
9.472542881318799513e-01
-6.267459217981928565e-02
-1.090763840775497595e+00
7.689622428960215528e-01
-1.043039798752267933e+00
-5.932147851104753178e-01
1.160685706749159107e-01
-4.291311356641855923e-01
6.847298249269424542e-01
-2.344026637390440371e+00
1.061625368323727558e+00
1.141236465358409724e+00
-2.993291786023353218e+00
1.511994050123781075e-01
-7.459540512521652955e-01
-7.926566709476724482e-01
7.247509114742396452e-01
-6.619430699198468604e-01
1.698969163979662689e+00
1.907419909058539087e+00
2.599633299198682579e+00
1.638864086647723095e+00
-5.460860865537586761e-02
1.176538903521647805e+00
1.472886566342766823e+00
-7.483773532668891448e-02
3.715220306828977970e-01
-1.313213205998229327e-01
1.608664477893919642e+00
1.082112052195960628e+00
-8.300897924423766838e-01
-4.658842732624297600e-01
9.869807075908256788e-01
8.569203253590016445e-01
-7.742545348428255814e-01
4.368526795848384214e-01
7.164406266037888216e-01
2.216559134011964360e+00
3.606053965473602352e-01
1.594071073305757924e+00
2.282488102830924515e+00
1.366382400742426340e+00
9.395773698302204435e-01
2.344325790939824294e+00
1.591052228176429661e+00
2.656319963190798550e-01
1.602905173647308779e+00
1.042975632761235394e+00
-1.866334206350162006e+00
-3.574221750931638741e-01
1.401027355095360249e+00
1.882626116665433447e+00
2.917300158930628662e+00
7.037499710075129089e-01
1.066756785115393624e-01
4.601947222484661371e-01
2.343761873094763359e+00
1.528075242393074351e+00
-1.044373374169226043e+00
1.889215026566321010e-01
1.757120866678901105e+00
6.486603967751765065e-01
2.040807233163569379e+00
1.086755473201665989e+00
1.166496478699749373e+00
7.328413305454530846e-01
1.702868757252608445e+00
1.617990111002840958e+00
4.159362390513349439e+00
1.714173401163513244e+00
5.479202188603108370e-01
1.247398680112314473e+00
7.015444497148546343e-01
3.236366331216187220e+00
-1.145391480927342887e+00
2.595896543192321992e+00
1.229978995871753522e+00
9.441255180299925609e-01
-3.279527945039961701e-02
1.957401085304725008e+00
-2.252532225080101647e-01
2.922429329529174780e+00
-7.016226887567762471e-01
9.229638320562424392e-01
-1.249424283944120494e-02
6.341522942516103489e-02
9.502174443537479698e-02
8.556149696709324237e-01
-8.247653315458489121e-02
-2.282911270018844085e+00
1.149773570779615506e+00
-6.160423132342999208e-01
7.724450134593208173e-01
1.143913712749213607e+00
1.090857045654922031e+00
-5.745468383972747173e-01
-2.359122842533600550e-01
-1.651403204466289631e+00
-6.168832933722866452e-01
1.727456739871275626e-01
7.508789333481904471e-01
1.278641509543329891e+00
-9.553389101979401499e-01
9.682526804942490628e-01
-1.301790959133768688e-01
3.901616906185487732e-01
-1.239709244229908747e-01
-5.784465583404163613e-02
1.715803297439386199e+00
1.185977032522748109e+00
1.578898375237481666e+00
1.400945490054118503e+00
-1.001542234434470213e+00
-5.490018352076126984e-01
-1.177498808097778016e-01
3.404069677759116730e-01
7.837773763983401087e-01
-8.917871142338511248e-02
8.385040486823475137e-01
-1.461630791865161205e+00
-1.174669104900103456e+00
-7.989097042901102119e-01
1.656687362924936568e+00
-1.841082791725285606e-01
-5.285734952354352867e-01
3.403906409990439252e-01
3.127360359805207990e-01
9.658691556514921173e-01
-3.302241878714841095e-01
-1.366601827732900842e+00
-6.937753167596907300e-01
1.353927864416472726e+00
-4.669065367388634535e-01
1.240595804751987996e-01
-7.536876239055035898e-01
-1.672815392704946502e+00
4.321759393850219677e-01
6.989641690349598369e-01
-2.606201090560497646e-01
9.566350984124151191e-01
6.379413093910806243e-01
-3.564140107710274119e-01
-3.899094792758404648e-01
-4.394060318313194879e-02
-2.293920902821559860e-01
2.198366772031857597e+00
1.947716176567095614e+00
2.266670814371819276e+00
-2.081121205045644018e-01
2.106730536845918156e+00
2.464166696877247098e+00
1.126906954565366270e+00
-8.600551685812525271e-01
5.894507546924601105e-01
6.661039656090861349e-02
1.508617561607451307e+00
2.258790500676246982e+00
1.905234618387692258e-01
1.309466170783260441e+00
1.307457012067485991e+00
9.928861817597034456e-01
1.493022287540467730e+00
3.282572201463244799e+00
-5.259886765077137483e-02
2.392026132188780352e+00
-2.090878542644838411e-01
7.345521797166945088e-01
5.059363857189789204e-01
2.819934233137624702e+00
-4.485763762704733093e-01
6.924420043262955460e-01
7.384408126121071447e-01
5.868824118235613785e-01
1.042892559099132477e+00
1.342022031375228464e+00
7.819768871577061908e-01
-9.344075399018529904e-01
1.503306638532748263e+00
-1.946559394063727133e+00
-2.973146129305854757e-01
1.157006955319899832e+00
7.921013244899588468e-02
-8.112336168087903587e-01
-9.423078596014100583e-02
6.482432296221911638e-01
5.154223355904622439e-01
1.808743372137799899e-02
1.789162855194850188e-01
8.869867500843865438e-01
1.750959376752493579e+00
2.046300114288179817e+00
9.796133575412364625e-01
2.961673736694303116e+00
6.153759550185127214e-01
9.452091622039843211e-01
1.346327525419772630e-01
7.967774510119889353e-01
2.333290042187940561e+00
1.718969669800460398e+00
2.746345185488810792e+00
1.529768216774298750e+00
8.183785130453724577e-01
6.776035307944933139e-01
1.553087963013150663e+00
4.123630253940657742e-02
1.740050814449370264e+00
1.126850738652216410e+00
1.522119470869329971e+00
2.213237068699980714e+00
2.350603511314804273e+00
1.045839480441527414e+00
1.181397390011991178e+00
1.220237954965205152e+00
1.432117677454739280e+00
6.032101519317542015e-01
1.034470604698840113e+00
1.495452889102801386e+00
1.213783613818294693e+00
1.879154187105609886e+00
1.432589264912685012e+00
2.063119467358908832e+00
2.001648390789873666e+00
-8.965932624592130029e-01
1.248099626636216541e+00
1.350715550075397564e+00
2.703598143074387394e+00
1.131730439573299218e+00
8.705269887617189672e-01
7.591844023802163388e-02
1.003450750915842127e+00
1.418570523933360583e+00
-1.033266505792942436e-01
1.642865429795929533e+00
7.150984800773734218e-01
1.176001310668040700e+00
7.057704341482652355e-01
1.691121764734476507e+00
3.306423531520938042e+00
2.702318941700556643e-01
1.984347533803381358e+00
2.434410945800430603e+00
1.481998714889555702e+00
1.127605364872049432e+00
1.507952814098438399e+00
5.640234116219984273e-01
2.587971719522873748e+00
2.719513355649010755e+00
1.113057576712331409e+00
1.322380209453380751e+00
2.441837020822306137e+00
4.815000768429803513e-01
4.315957756330870421e-01
1.985842045223898511e+00
-9.394279900591895327e-02
1.044626583680520193e-01
6.453638476229908161e-01
9.693882054282352279e-01
3.222500554966428066e+00
4.041459277101449032e-01
-2.364925029171354165e-01
1.873368984234026868e+00
1.583269442681217498e+00
-1.251306317693319681e+00
7.683081988927356054e-01
1.462040637258424924e+00
1.355443579482517924e+00
-4.389886689499589156e-01
-7.917350895393160393e-01
5.082516648888217858e-01
-6.750034760554828317e-01
1.730938500686375781e+00
2.320349733195959718e+00
1.829766062440687513e+00
1.099588034065128950e+00
1.778805225369691989e+00
1.907038557901424847e-01
-8.586489438627313842e-01
1.283808283100858816e+00
1.516009585698248952e+00
1.803151312378518112e+00
1.277787081102712774e+00
-3.611856892734353064e-01
2.356207506143067842e+00
2.555477235935449620e+00
5.650136943190099403e-01
1.473841297186116339e+00
7.715475009883876467e-01
3.413601085954237391e+00
1.898822657047943840e-01
1.289400725113914348e+00
1.747617139549297871e-01
1.022726498132023210e+00
6.854863001903050979e-01
1.923753136701248145e+00
3.365601223291186939e-01
8.525446734853903141e-01
1.534283523990727982e+00
7.374314026146331358e-01
1.607939292902620831e+00
1.256489105828663133e-01
-5.708287220955325925e-01
-3.380547316349542530e-01
6.379826214214334712e-01
2.507692155249837462e+00
1.339308208201505090e+00
5.130369002271257806e-01
9.419975204117594370e-01
8.126447380051567970e-01
1.623782959616851151e+00
7.906488589419540247e-01
1.300906737972812532e+00
-6.442946727668477092e-01
-8.706842900283982001e-01
1.692737054844003275e+00
6.994836064160065980e-01
2.940913347490373475e+00
-3.871257202668485498e-01
1.934857004177794604e+00
8.127850946065606763e-03
-3.873622348135665749e-01
1.767554613873604907e+00
1.760565525764214989e+00
2.704905556938888012e-01
6.398467459549392888e-01
1.835175611500211357e+00
2.860496155305374266e-01
1.968093622873233972e+00
9.650681610266793609e-01
3.716522086367435307e-02
1.395597821508342662e+00
1.564900542243733206e+00
1.337682704402606726e+00
1.088861146044352246e+00
2.191609547057902230e-01
1.573132377487099332e+00
1.134595172073128877e+00
2.987522298311020563e-01
7.610704777757725248e-01
6.709108883157138825e-01
7.079532515854521924e-01
1.958032315831864656e-01
5.491066288695622966e-01
-1.624112798030975080e+00
2.351136414168873701e-01
8.201457410431953754e-01
2.507783791449326727e-01
-8.522262538513873942e-01
1.586695702073251280e+00
1.520002195326231875e-01
-3.228933251204934018e-01
-8.453964277245767933e-01
5.949471811250027775e-01
7.788911423055181471e-01
1.043178371456440212e+00
-1.681654550923496139e+00
2.681114957465421389e-01
-3.868962538652040428e-01
1.103933897280648502e+00
-9.705291332876696264e-02
-2.181487701156560044e-01
-1.000952099387732330e+00
1.799485435440134617e-01
2.796978110944255969e-01
1.274220873677273325e+00
1.135691826931521264e+00
3.590415636343232131e-01
-8.395437094515857679e-02
1.150172364263982949e+00
-5.578971303842036322e-01
1.434562318375014023e+00
-3.412518958733241070e-01
6.222167638783231425e-01
-7.970537629000229440e-01
4.697120287272890660e-01
7.941071713754126460e-01
-1.109060705835504645e+00
-8.363184170480681967e-01
-2.088311485645990076e-02
1.238111240477591357e+00
-1.372861709892399806e-01
-3.274357615020272866e-02
5.181525647712313942e-01
6.059857943150852577e-01
4.932899129255260973e-01
-3.222284299500451782e-02
-1.515944054424787968e+00
3.919963689433895171e-01
4.720288552848416197e-01
-1.347017300997217282e+00
-9.285620781768934018e-01
-1.726183698716104553e+00
2.444923737880720302e-02
-3.958369670114736394e-01
3.622744300685773466e-01
-1.849114466862761041e+00
9.451677580344134411e-01
1.322957648513138629e-01
-9.497165627596042270e-02
-1.374329405933197856e+00
5.405019123945552506e-01
-9.646034294095978678e-01
-2.178785823867733562e+00
-6.452064363607588060e-01
1.323383667819689302e+00
8.941178699557766896e-01
-1.351175035056104479e+00
-3.073601632229546743e-01
8.153688701473024159e-01
-8.167878264484818018e-01
7.519299586971878169e-01
2.717765029711190827e+00
-3.699006119149794158e-01
8.067528119178757340e-01
-5.403805193103412563e-01
-1.081658325730848969e+00
-1.241002255897597717e+00
1.482423718135473578e+00
-3.749359525286941608e-01
7.367476497901996879e-01
-6.342020402514094712e-01
-2.822461535344027439e-01
-6.186604858833830711e-01
1.733253014799078506e-01
7.622641056749646093e-01
-1.445400981645381458e-02
-2.962629454195611634e-01
-1.660519298195994864e+00
-1.888080700826365033e-01
-5.846564232455246923e-01
1.853841817347452681e+00
1.379248093664318997e+00
-1.474844527827050999e+00
3.285215189004033753e-01
-7.275705680761066496e-01
1.051147006723138544e+00
5.179785737259453571e-01
2.112829220026633259e-01
-9.986297422022006876e-01
1.930790901737096110e-01
2.316961477826401106e-01
-7.899493199483147432e-01
-1.338534123483280824e+00
-4.821757474629224105e-01
1.438302201908465694e+00
1.298159070177082208e+00
-9.017231688490499886e-02
-7.776665627874672637e-01
2.715079427953794311e-01
1.120894322831494483e+00
-3.609542661135655139e-01
-1.482306638084446515e+00
4.827389257224434238e-01
-4.131019740584056243e-02
5.741408306654363081e-01
-1.034254070281864557e+00
1.752818185341970425e+00
-4.286885946718421159e-01
-5.089843839025229855e-01
-3.115135467148486548e-01
5.784553162900690076e-02
-1.726581163617856018e-01
1.874975286998180168e+00
-5.987216729276783056e-01
-1.190190347921674219e+00
-1.526582150839527863e+00
-1.100518471529205344e+00
2.296111403791919248e+00
3.141604753030171615e+00
1.752199219643395978e+00
3.830333972084941641e-01
2.503198504798483714e+00
7.384114421189507116e-01
1.626476702856121115e+00
9.498911326314588566e-01
6.731960918182267051e-01
-1.349037196085521639e+00
7.561449098977088834e-01
2.415550065651509648e+00
2.020262745283319727e+00
-3.131323539142967238e-01
2.074637614747687486e+00
6.440578478538800944e-01
2.944874133254563597e-01
3.874908572213825453e-01
8.586926626024375953e-01
9.069730100040614973e-01
-6.406590781901939646e-01
7.201743418242014805e-01
-3.735772705586173359e-01
7.414275523979486637e-01
2.714585832215435923e-01
-5.852699124982629897e-01
8.914164146809956391e-01
6.511073369571404035e-01
2.178473459625410058e+00
1.805753104853274227e+00
-1.638338827472323178e-01
1.283343556166391064e+00
8.934283964260214539e-03
2.775197465388977491e+00
1.059128150630233467e+00
8.299592325292087791e-01
-9.587072861903975785e-01
5.789436841626840469e-01
8.758823720689218328e-01
2.915433480235964492e+00
1.766878302106820398e+00
8.511459250914072960e-01
-2.068128573749894450e-02
1.034819027561577842e+00
8.819711646301162666e-01
1.312227931861119634e+00
-3.049970599783713432e-02
9.167554581398702496e-01
1.609334677459544505e+00
-9.619799250588978445e-02
2.085506779336672167e+00
1.623961536737082989e-01
7.086825764703136299e-01
3.107340275642607175e-01
2.134107957722625404e+00
1.097566875623271487e+00
2.526338446851192909e+00
9.376565192871484378e-01
3.633675715460240596e+00
2.881384068370331342e+00
5.341230638684701937e-01
1.769022096554131673e+00
2.393939100281990306e+00
1.013894919106725689e+00
4.368736871832804569e-01
1.482036986837640125e-01
-1.588293828093045312e-01
-5.615085871789308181e-01
6.008502705935045984e-01
-1.019092858551328584e+00
-8.950581576887935986e-01
-1.089532101469270042e+00
1.679078010442612179e+00
-7.120296079165669978e-01
1.475831165041550541e+00
-3.970831005798519664e-01
1.142177416474437601e+00
2.396752057213646578e-02
1.475668592432044235e-01
7.640866783238886573e-01
1.191948911314106185e+00
6.208832370480346086e-01
1.217016456578636913e-01
-6.905289630422924985e-01
6.514371049046888684e-01
9.907544085244851528e-01
1.877568050721265980e+00
2.758343255681229289e-01
-4.865197828531598878e-01
-3.032781885562062518e-01
6.483014153070744134e-01
1.307666398762765692e+00
1.154566232793696745e+00
5.523962164439825129e-01
6.862338057278264403e-01
1.702543401701933079e-01
-9.889539647325421567e-01
1.941525311208455451e-01
1.431313779045955692e-01
-7.475202535345307209e-02
1.027797959247631399e+00
-5.228131723038061118e-02
-1.220887103641095095e+00
-1.820736280851000671e-02
2.011383126608629279e+00
-3.214102385530703820e-01
3.516953380785139971e-02
-7.702302619991650834e-02
9.824034009915240395e-02
5.264311048903300705e-01
6.462071810517598935e-01
-1.269703380438276241e+00
1.841752844366217667e+00
-5.103856387755338897e-01
-1.944482394624401422e+00
-6.997663062131388445e-01
2.131004791621778693e+00
1.100282171083656557e+00
-5.166195571718525947e-01
4.534710378696599764e-01
2.179330770263740558e+00
5.018254833723435615e-01
-1.294427281463654378e+00
4.240473622547420995e-01
-1.504277691097739844e-01
1.063680840536632699e+00
4.302168960334016301e-01
-6.041343793075472091e-01
