0.000000000000000000e+00 -9.875167279439384583e+04 -1.303708515882632535e-01 1.600000000000000000e+01
1.000000000000000000e+00 -9.336708424686534272e+04 4.634714706726252298e-01 2.000000000000000000e+01
2.000000000000000000e+00 -1.841237579507974151e+05 -6.452453741338578519e-01 2.600000000000000000e+01
3.000000000000000000e+00 2.567230239223887111e+03 -2.000615368378851233e+00 2.000000000000000000e+01
4.000000000000000000e+00 1.664902126934810804e+04 -6.823529456593268039e-01 1.700000000000000000e+01
5.000000000000000000e+00 -4.877984995771561807e+04 1.195779279556154207e-01 2.600000000000000000e+01
6.000000000000000000e+00 -4.576403318197109184e+04 -2.234982754142334382e+00 1.500000000000000000e+01
7.000000000000000000e+00 -1.378950044307094868e+04 5.013371241884957419e-01 1.600000000000000000e+01
8.000000000000000000e+00 1.096495693890965777e+05 5.418742576109099041e-01 1.500000000000000000e+01
9.000000000000000000e+00 1.434187649361402437e+05 -9.354221670633897090e-02 1.700000000000000000e+01
1.000000000000000000e+01 -8.117398681218338606e+04 -7.201120431079380824e-01 2.200000000000000000e+01
1.100000000000000000e+01 -2.435664982193039395e+04 1.312020222985561313e+00 1.800000000000000000e+01
1.200000000000000000e+01 1.858386006329784868e+04 1.465104645053034726e+00 2.200000000000000000e+01
1.300000000000000000e+01 1.441130560518537095e+04 4.938699591452551663e-01 9.000000000000000000e+00
1.400000000000000000e+01 -4.355895774201527820e+04 -1.567457695659909556e+00 2.100000000000000000e+01
1.500000000000000000e+01 2.286225973850667651e+04 2.388552191871349262e-01 1.500000000000000000e+01
1.600000000000000000e+01 7.557543948788047419e+04 2.009051084163561152e-01 1.800000000000000000e+01
1.700000000000000000e+01 9.659148612958798185e+04 -4.359771446329049893e-01 1.700000000000000000e+01
1.800000000000000000e+01 4.619995706152506318e+04 3.407766578891286424e-01 2.700000000000000000e+01
1.900000000000000000e+01 -1.811032950951719977e+04 7.588045301310650803e-01 1.700000000000000000e+01
2.000000000000000000e+01 -1.075923538351809984e+05 -9.818064611040082657e-01 2.000000000000000000e+01
2.100000000000000000e+01 8.461065911463326483e+04 3.258624613763073663e-01 2.000000000000000000e+01
2.200000000000000000e+01 -9.656459377314927406e+04 8.749990426259853793e-01 1.700000000000000000e+01
2.300000000000000000e+01 1.041820973517695529e+04 1.739187156698132508e+00 1.700000000000000000e+01
2.400000000000000000e+01 -1.622454956960311974e+05 -4.511468458941656490e-01 1.400000000000000000e+01
2.500000000000000000e+01 1.535000707773213508e+05 -6.012953554577626925e-01 2.200000000000000000e+01
2.600000000000000000e+01 1.475938749470457842e+05 -1.137010485612169886e+00 2.000000000000000000e+01
2.700000000000000000e+01 -7.849773486290035362e+04 1.003525091722554219e+00 2.300000000000000000e+01
2.800000000000000000e+01 1.034463401143201918e+05 7.079667198878855094e-01 2.400000000000000000e+01
2.900000000000000000e+01 7.069729493658884894e+04 2.925280219149770100e-01 1.300000000000000000e+01
3.000000000000000000e+01 -3.448993503020931530e+04 -1.090493211721869971e+00 2.300000000000000000e+01
3.100000000000000000e+01 -1.297858417362141481e+05 1.836525203767946091e-01 1.700000000000000000e+01
3.200000000000000000e+01 2.620414984151334920e+03 8.092602178958444581e-01 2.000000000000000000e+01
3.300000000000000000e+01 1.132096049634054798e+05 -1.070126714348714619e-01 3.000000000000000000e+01
3.400000000000000000e+01 -5.464516166596077528e+04 7.042881223654763323e-01 1.900000000000000000e+01
3.500000000000000000e+01 -7.074300315240619966e+03 1.194796483533879350e+00 1.600000000000000000e+01
3.600000000000000000e+01 2.516836775279476115e+03 -1.577117055390769296e-01 2.000000000000000000e+01
3.700000000000000000e+01 4.924403962099397904e+04 1.013686888257916863e+00 1.400000000000000000e+01
3.800000000000000000e+01 -3.984789288205377670e+04 6.751146601453259510e-01 2.200000000000000000e+01
3.900000000000000000e+01 -1.290836450178195664e+05 1.111193595660598527e-01 2.900000000000000000e+01
4.000000000000000000e+01 -4.710258489825129072e+04 3.165143241141543662e-01 1.600000000000000000e+01
4.100000000000000000e+01 4.308329165799276961e+04 1.721615491711884660e+00 1.800000000000000000e+01
4.200000000000000000e+01 -6.268998938352188270e+04 -1.756898707851122010e+00 1.800000000000000000e+01
4.300000000000000000e+01 1.162114066365524013e+04 6.933532023677689837e-01 2.300000000000000000e+01
4.400000000000000000e+01 1.124444253934950830e+05 -6.042570014357713237e-01 2.200000000000000000e+01
4.500000000000000000e+01 1.723665829157602566e+05 -3.620261844099383342e-01 1.000000000000000000e+01
4.600000000000000000e+01 -4.053203227585999412e+04 -6.157049292114503691e-01 2.100000000000000000e+01
4.700000000000000000e+01 -3.723181368510202446e+04 5.089318613731748098e-01 1.600000000000000000e+01
4.800000000000000000e+01 -1.722457281936605068e+04 -4.015570495182227244e-03 1.400000000000000000e+01
4.900000000000000000e+01 -1.285128369588182395e+05 -1.247970418683309185e-01 2.500000000000000000e+01
5.000000000000000000e+01 -5.188296473637056624e+04 4.958835511936137697e-01 1.800000000000000000e+01
5.100000000000000000e+01 -5.379443282117685158e+04 1.698327254611578407e+00 1.900000000000000000e+01
5.200000000000000000e+01 1.034543672746010416e+05 1.611354925098313906e+00 2.300000000000000000e+01
5.300000000000000000e+01 8.767519125855855236e+03 -9.167846483031203420e-01 2.100000000000000000e+01
5.400000000000000000e+01 -3.826412337723784003e+04 9.175480422564415983e-01 2.600000000000000000e+01
5.500000000000000000e+01 -1.201517872524603154e+05 4.362317645299718660e-01 2.000000000000000000e+01
5.600000000000000000e+01 1.705783837012801769e+03 -7.467543058470202944e-01 2.000000000000000000e+01
5.700000000000000000e+01 -6.094417483366551096e+03 4.934290497137077680e-01 2.200000000000000000e+01
5.800000000000000000e+01 -6.065880842754428886e+04 1.677285575103094339e-01 1.800000000000000000e+01
5.900000000000000000e+01 -9.615099693715129979e+04 8.433059739873591809e-01 2.500000000000000000e+01
6.000000000000000000e+01 1.375744336803127080e+05 -1.342036298911853276e+00 1.800000000000000000e+01
6.100000000000000000e+01 3.825838915586251824e+04 -2.020950553648286074e-01 1.700000000000000000e+01
6.200000000000000000e+01 1.598032059642699896e+05 1.100879742439202268e-03 2.200000000000000000e+01
6.300000000000000000e+01 1.624394832695981131e+04 -7.669782521534783681e-01 1.600000000000000000e+01
6.400000000000000000e+01 -4.081471443248785363e+04 2.054295621434802377e-01 2.800000000000000000e+01
6.500000000000000000e+01 1.170807918145915901e+05 8.630359017803638233e-01 2.200000000000000000e+01
6.600000000000000000e+01 -8.420194884691385960e+04 1.083269451260424621e+00 2.500000000000000000e+01
6.700000000000000000e+01 -5.374672207010506099e+04 1.168176093458173082e+00 1.900000000000000000e+01
6.800000000000000000e+01 -6.883539166419816866e+03 7.778730735659405982e-01 1.700000000000000000e+01
6.900000000000000000e+01 1.081647042199158604e+05 -7.413873377383721763e-01 1.300000000000000000e+01
7.000000000000000000e+01 -5.164742951856059517e+04 -1.178944048689403390e+00 1.700000000000000000e+01
7.100000000000000000e+01 -4.554388561098627542e+04 8.322588202821096237e-01 2.000000000000000000e+01
7.200000000000000000e+01 7.390979990396788344e+04 6.057603807658892281e-01 2.400000000000000000e+01
7.300000000000000000e+01 -1.571475396018496249e+05 2.860441276204538363e-01 2.300000000000000000e+01
7.400000000000000000e+01 2.713166381384262349e+05 -1.629501404604438930e+00 1.800000000000000000e+01
7.500000000000000000e+01 -4.002384378171998833e+04 1.068874615311446036e-01 2.100000000000000000e+01
7.600000000000000000e+01 6.661409987471638306e+04 -1.497927642242390167e+00 2.300000000000000000e+01
7.700000000000000000e+01 1.435997839381521917e+05 -2.409631679475056007e-02 1.700000000000000000e+01
7.800000000000000000e+01 -4.984309237097710866e+04 1.849771336250882525e+00 2.700000000000000000e+01
7.900000000000000000e+01 -2.016374824570897181e+04 -9.008091064382801605e-01 1.800000000000000000e+01
8.000000000000000000e+01 1.052823542785485042e+05 1.463861301382179958e-01 1.600000000000000000e+01
8.100000000000000000e+01 3.730572012696845923e+04 9.035195875906113505e-01 1.600000000000000000e+01
8.200000000000000000e+01 2.086755098408765843e+04 -7.622830192109465441e-01 2.000000000000000000e+01
8.300000000000000000e+01 2.869383026476618397e+04 -8.412655620394940970e-01 1.900000000000000000e+01
8.400000000000000000e+01 1.558740444574670109e+05 -8.370076572891735345e-02 1.400000000000000000e+01
8.500000000000000000e+01 -1.253426440853070380e+05 4.648055137851002105e-01 1.500000000000000000e+01
8.600000000000000000e+01 -2.481089753585592916e+03 1.776765896138582379e+00 1.800000000000000000e+01
8.700000000000000000e+01 -1.355396509179346322e+04 2.940761834285110510e-01 1.300000000000000000e+01
8.800000000000000000e+01 1.409785496844115842e+05 1.220498214386563252e+00 1.600000000000000000e+01
8.900000000000000000e+01 -4.725674663923804474e+04 4.432878749917855583e-03 2.000000000000000000e+01
9.000000000000000000e+01 -3.417629933308205364e+04 -8.795929033791716201e-01 2.000000000000000000e+01
9.100000000000000000e+01 1.013452972013436229e+05 7.107532623496197743e-01 1.600000000000000000e+01
9.200000000000000000e+01 9.921382097323743801e+04 8.473833599497335722e-01 2.100000000000000000e+01
9.300000000000000000e+01 -1.177488057935405232e+05 -5.251389781101941656e-01 1.800000000000000000e+01
9.400000000000000000e+01 8.004779312838765691e+03 -1.127049080568820250e+00 2.200000000000000000e+01
9.500000000000000000e+01 1.421205627730043780e+05 -2.888083572447425751e-01 2.400000000000000000e+01
9.600000000000000000e+01 5.936277034800156252e+04 3.063105120500940082e+00 2.500000000000000000e+01
9.700000000000000000e+01 -1.165698986562943901e+05 7.016308335112001471e-01 1.500000000000000000e+01
9.800000000000000000e+01 4.089092722332843550e+04 -1.482094104141517432e+00 2.400000000000000000e+01
9.900000000000000000e+01 -6.220561981805896357e+04 6.397364829788392271e-01 2.100000000000000000e+01
